0,0,0,0,0,0,0,23.85648985261602,2.3164245662542067,48.764410560331676
0,0,0,0,0,0,0,23.92757817397146,3.2819296842629333,48.66660593141236
0,0,0,0,0,0,0,24.022355587429395,4.22937786045194,48.57147860182576
0,0,0,0,0,0,0,24.14082209298982,5.158769094821226,48.47902857157185
0,0,0,0,0,0,0,24.282977690652732,6.070103387370792,48.38925584065066
0,0,0,0,0,0,0,24.448822380418136,6.963380738100637,48.30216040906216
0,0,0,0,0,0,0,24.638356162286033,7.838601147010763,48.217742276806376
0,0,0,0,0,0,0,24.851579036256414,8.695764614101167,48.1360014438833
0,0,0,0,0,0,0,25.088491002329288,9.534871139371853,48.05693791029292
0,0,0,0,0,0,0,25.349092060504645,10.355920722822818,47.98055167603526
0,0,0,0,0,0,0,25.6333822107825,11.158913364454062,47.906842741110296
0,0,0,0,0,0,0,25.94136145316284,11.943849064265585,47.83581110551804
0,0,0,0,0,0,0,26.273029787645672,12.71072782225739,47.76745676925849
0,0,0,0,0,0,0,26.62838721423099,13.459549638429474,47.701779732331644
0,0,0,0,0,0,0,27.007433732918802,14.190314512781836,47.638779994737504
0,0,0,0,0,0,0,27.4101693437091,14.903022445314479,47.578457556476074
0,0,0,0,0,0,0,27.836594046601892,15.597673436027403,47.52081241754735
0,0,0,0,0,0,0,28.28670784159717,16.274267484920607,47.465844577951316
0,0,0,0,0,0,0,28.76051072869494,16.932804591994085,47.41355403768801
0,0,0,0,0,0,0,29.258002707895198,17.573284757247844,47.3639407967574
0,0,0,0,0,0,0,29.779183779197947,18.195707980681888,47.317004855159496
0,0,0,0,0,0,0,30.324053942603182,18.800074262296214,47.2727462128943
0,0,0,0,0,0,0,30.89261319811042,19.3863836020905,47.23116486996105
0,0,0,0,0,0,0,31.449617151631887,19.882457800567675,47.209524132358865
0,0,0,0,0,0,0,32.02911221690033,20.383023511759557,47.19633406609575
0,0,0,0,0,0,0,32.64028885910878,20.913225698018053,47.15357157024743
0,0,0,0,0,0,0,33.280123928612916,21.43244016461914,47.111176327559534
0,0,0,0,0,0,0,33.95202472483086,21.941374882833877,47.07604439238123
0,0,0,0,0,0,0,34.6619291781102,22.44089987423143,47.03812581993062
0,0,0,0,0,0,0,35.41116916683449,22.922873942943337,47.00596368480073
0,0,0,0,0,0,0,36.18542958924084,23.383771877852713,46.97789879982362
0,0,0,0,0,0,0,36.99128631412877,23.82428863334795,46.954353741373026
0,0,0,0,0,0,0,37.828679076306166,24.24301087719062,46.942406620737
0,0,0,0,0,0,0,38.693450645209516,24.641450112933292,46.92925645244629
0,0,0,0,0,0,0,39.58748206418956,25.019195074854935,46.914836886246206
0,0,0,0,0,0,0,40.50661670772454,25.37902626949618,46.90597877106796
0,0,0,0,0,0,0,41.44947486036669,25.713617611029573,46.901777172848305
0,0,0,0,0,0,0,42.41377826418888,26.022100470878545,46.900095586717924
0,0,0,0,0,0,0,43.39967936993048,26.303440554671056,46.904663804974724
0,0,0,0,0,0,0,44.40417543031714,26.55987217344662,46.91156982009187
0,0,0,0,0,0,0,45.4273019981285,26.79034213368465,46.928502999960145
0,0,0,0,0,0,0,46.46479595025996,26.998892768928474,46.95082293852388
0,0,0,0,0,0,0,47.51265934690746,27.16837854883655,46.9641176345457
0,0,0,0,0,0,0,48.56655321668423,27.293124805520083,46.96577090417564
0,0,0,0,0,0,0,49.61189092819586,27.389673898756485,46.97300358974384
0,0,0,0,0,0,0,50.66571709941326,27.448227080726944,46.9760852213025
0,0,0,0,0,0,0,51.68975944183458,27.48963536729804,46.98397374145746
0,0,0,0,0,0,0,52.71924881475735,27.499745291978197,46.98945077151902
0,0,0,0,0,0,0,53.74636607087436,27.47673083208729,46.99807174300157
0,0,0,0,0,0,0,54.76782680333025,27.418656360236024,47.002448720471364
0,0,0,0,0,0,0,55.77769153019418,27.324580762088413,47.00966393379822
0,0,0,0,0,0,0,56.77763606554359,27.197855206732065,47.01657249334974
0,0,0,0,0,0,0,57.76551864137526,27.037599180715493,47.022673583850874
0,0,0,0,0,0,0,58.73546538444865,26.846885812770807,47.03282212289316
0,0,0,0,0,0,0,59.68423455013096,26.625137669314253,47.0476769550673
0,0,0,0,0,0,0,60.60630604951184,26.374569884532175,47.064406526590744
0,0,0,0,0,0,0,61.499026185361686,26.097165213663665,47.08259220638053
0,0,0,0,0,0,0,62.36527159307467,25.777366450625017,47.09682873507285
0,0,0,0,0,0,0,63.192818081490316,25.433872463052307,47.11281269235232
0,0,0,0,0,0,0,63.98533135168899,25.058073279282407,47.12862279758015
0,0,0,0,0,0,0,64.7340510771138,24.661901803422904,47.159008861537956
0,0,0,0,0,0,0,65.44410773460797,24.24065129013121,47.181897070543826
0,0,0,0,0,0,0,66.21178812013092,23.820987857541535,47.201812433639816
0,0,0,0,0,0,0,66.95448997134505,23.38936614376294,47.21839208175471
0,0,0,0,0,0,0,67.678468546475,22.92570324390507,47.22593640503367
0,0,0,0,0,0,0,68.36368791524568,22.441248621322934,47.22647237597156
0,0,0,0,0,0,0,69.02533461214635,21.941604670910625,47.22073828701529
0,0,0,0,0,0,0,69.65878197877272,21.466337857645424,47.21857391442403
0,0,0,0,0,0,0,70.27488965931165,20.973046957911613,47.22294587122429
0,0,0,0,0,0,0,70.87806348285693,20.445083356612106,47.21394458369923
0,0,0,0,0,0,0,71.46402862089238,19.88757437628331,47.18691825811951
0,0,0,0,0,0,0,72.03931354541861,19.303095536676302,47.15090261839605
0,0,0,0,0,0,0,72.5933922789421,18.680920542606568,47.11215699326282
0,0,0,0,0,0,0,73.12919613296769,18.03643465193084,47.068664889285316
0,0,0,0,0,0,0,73.64672510749658,17.369637864649437,47.02042630646427
0,0,0,0,0,0,0,74.14597920252876,16.680530180762357,46.96744124479971
0,0,0,0,0,0,0,74.62695841806423,15.9691116002696,46.909709704291615
0,0,0,0,0,0,0,75.08966275410297,15.235382123171165,46.84723168493999
0,0,0,0,0,0,0,75.53409221064503,14.479341749467052,46.78000718674484
0,0,0,0,0,0,0,75.96024678769038,13.700990479157262,46.708036209706165
0,0,0,0,0,0,0,76.36812648523902,12.900328312241795,46.631318753823955
0,0,0,0,0,0,0,76.75773130329092,12.077355248720652,46.54985481909822
0,0,0,0,0,0,0,77.12906124184614,11.23207128859383,46.46364440552895
0,0,0,0,0,0,0,77.48211630090465,10.364476431861332,46.37268751311617
0,0,0,0,0,0,0,77.81689648046644,9.47457067852316,46.27698414185985
0,0,0,0,0,0,0,78.13340178053151,8.562354028579303,46.176534291760014
0,0,0,0,0,0,0,78.4316322010999,7.627826482029774,46.071337962816635
0,0,0,0,0,0,0,78.71158774217157,6.670988038874566,45.961395155029734
0,0,0,0,0,0,0,78.97326840374652,5.691838699113681,45.846705868399305
0,0,0,0,0,0,0,79.21667418582476,4.690378462747121,45.72727010292535
0,0,0,0,0,0,0,79.4418050884063,3.66660732977488,45.603087858607864
0,0,0,0,0,0,0,79.64866111149114,2.620525300196963,45.47415913544685
0,0,0,0,0,0,0,79.83724225507923,1.5521323740133701,45.34048393344231
0,0,0,0,0,0,0,80.00754851917065,0.4614285512240974,45.202062252594246
