53,40,9,0.764706
24,10,16,3
8,97.6009,15,4
213,97.6009,15,4
18,48.8387,31.8722,5.11661
191,48.8387,31.8722,5.11661
170,79,36,1.25
225,79,36,1.25
176,39,48,0.934783
220,69,53,1.47107
59,9,84,2.02096
79,9,84,2.02096
101,9,84,2.02096
118,80.0699,92.236,3.96584
59,16,95.9829,2.28632
67,16,95.9829,2.28632
101,16,95.9829,2.28632
198,16,95.9829,2.28632
126,89,55,4
59,17,76,6
79,17,76,6
149,49,88,5
2,52,14,7
53,52,14,7
207,52,14,7
217,52,14,7
219,52,14,7
52,95.6838,86.9485,5.65809
173,95.6838,86.9485,5.65809
238,95.6838,86.9485,5.65809
47,68,81,7
209,68,81,7
223,68,81,7
56,14.1996,39.7925,9
111,14.1996,39.7925,9
151,14.1996,39.7925,9
254,14.1996,39.7925,9
260,14.1996,39.7925,9
9,24.7551,60.503,10.2591
50,24.7551,60.503,10.2591
79,24.7551,60.503,10.2591
260,24.7551,60.503,10.2591
50,31,72,9
62,31,72,9
187,31,72,9
29,93,1.25,8
148,76.0196,14.2304,13.3804
217,76.0196,14.2304,13.3804
42,47.0515,58.6581,9.34191
50,47.0515,58.6581,9.34191
176,47.0515,58.6581,9.34191
201,47.0515,58.6581,9.34191
149,37,88,10
198,37,88,10
56,31,26,9
50,38,52,9
86,38,52,9
176,38,52,9
22,77.9388,56.4938,13.8994
116,77.9388,56.4938,13.8994
170,77.9388,56.4938,13.8994
194,77.9388,56.4938,13.8994
220,77.9388,56.4938,13.8994
118,89,86,12
173,89,86,12
238,89,86,12
29,83,1.95963,13
66,83,1.95963,13
148,83,1.95963,13
165,83,1.95963,13
9,14,67,13
79,14,67,13
141,3.10843,73,13
149,49,98.0789,13
206,49,98.0789,13
105,39,4,15
150,39,4,15
219,39,4,15
67,3,96,14
98,20,10,16
18,46,21,14
31,46,21,14
53,46,21,14
110,42,94,16
149,42,94,16
206,42,94,16
21,70,91,17
18,56,25,17
117,56,25,17
217,56,25,17
62,20,88,18
67,20,88,18
143,20,88,18
198,20,88,18
38,79.7683,74.435,19.3191
209,79.7683,74.435,19.3191
38,77,82,18
118,77,82,18
209,77,82,18
68,92,19,20
200,92,19,20
213,92,19,20
42,42,78,18
110,42,78,18
238,96,97,18
13,1.25,27,19
254,1.25,27,19
153,82,28,21
228,82,28,21
86,38,48,23
91,38,48,23
42,52,70,24
58,52,70,24
135,52,70,24
67,22,97.675,23
167,22,97.675,23
123,77,32,26
153,77,32,26
228,77,32,26
98,20,11,27
177,20,11,27
243,20,11,27
9,26,63,26
258,26,63,26
200,80,10,27
249,80,10,27
226,14,28,28
243,14,28,28
254,14,28,28
104,5,45,26
254,5,45,26
177,7,5,28
200,92,21,28
38,95,79,28
41,95,79,28
37,64.5038,83.3367,32.7949
58,64.5038,83.3367,32.7949
122,64.5038,83.3367,32.7949
155,64.5038,83.3367,32.7949
203,64.5038,83.3367,32.7949
110,35,90,30
167,35,90,30
182,35,90,30
112,50,1.70984,31
70,73,76.5685,32.2234
122,73,76.5685,32.2234
167,28,87,32
182,28,87,32
167,38,96.9754,32
206,38,96.9754,32
9,8,62,36
28,8,62,36
72,8,62,36
251,8,62,36
58,57,69,36
135,57,69,36
252,57,69,36
226,27,25,35
243,27,25,35
16,73,32,38
123,73,32,38
214,73,32,38
228,73,32,38
17,33,63,37
258,33,63,37
37,56,87,37
58,56,87,37
155,56,87,37
247,56,87,37
158,36.8333,91.9864,41.9187
167,36.8333,91.9864,41.9187
182,36.8333,91.9864,41.9187
247,36.8333,91.9864,41.9187
130,23,4,41
154,23,4,41
177,23,4,41
131,31,16,41
154,31,16,41
226,31,16,41
214,82,30,41
32,46.876,76.1728,41
58,46.876,76.1728,41
182,46.876,76.1728,41
10,98.0789,74,40
84,36,31,41
131,36,31,41
16,64.8247,43.9573,42.782
168,64.8247,43.9573,42.782
218,64.8247,43.9573,42.782
250,64.8247,43.9573,42.782
73,77,1.60248,42
81,46,12,41
112,46,12,41
82,89,34,42
214,89,34,42
112,41,3,42
154,41,3,42
119,98.2353,24,42
44,22,40,43
145,22,40,43
17,27,61,44
32,27,61,44
46,27,61,44
234,27,61,44
258,27,61,44
10,86,61,43
70,86,61,43
168,86,61,43
46,27,50,45
145,27,50,45
232,27,50,45
35,66,9,46
195,66,9,46
154,27,11,46
196,27,11,46
81,42,19,48
131,42,19,48
131,28.3065,29.6935,47.8389
145,28.3065,29.6935,47.8389
226,28.3065,29.6935,47.8389
16,62,38,47
250,62,38,47
36,48.5796,88.2157,53.411
156,48.5796,88.2157,53.411
158,48.5796,88.2157,53.411
163,48.5796,88.2157,53.411
229,48.5796,88.2157,53.411
247,48.5796,88.2157,53.411
130,20,15,50
146,20,15,50
226,20,15,50
5,18,94,52
43,18,94,52
65,18,94,52
71,18,94,52
130,31,4,53
154,31,4,53
196,31,4,53
119,89,13,53
183,89,13,53
192,89,13,53
233,89,13,53
81,48,32,53
160,48,32,53
250,48,32,53
156,42,78,53
163,42,78,53
57,77,79,54
134,77,79,54
210,77,79,54
235,77,79,54
20,6,30,53
7,46.5997,56.6168,60.6323
30,46.5997,56.6168,60.6323
32,46.5997,56.6168,60.6323
76,46.5997,56.6168,60.6323
102,46.5997,56.6168,60.6323
159,46.5997,56.6168,60.6323
250,46.5997,56.6168,60.6323
131,31,26,55
146,31,26,55
160,31,26,55
145,23.5,29.5,58.5
146,23.5,29.5,58.5
33,64,42,57
250,64,42,57
7,28,62,57
30,28,62,57
234,28,62,57
76,67.4411,65.4411,59.4955
134,67.4411,65.4411,59.4955
159,67.4411,65.4411,59.4955
210,67.4411,65.4411,59.4955
252,67.4411,65.4411,59.4955
33,67,32,58
180,96,57,58
43,19,69,57
234,19,69,57
7,44.5812,78.2264,60.7696
36,44.5812,78.2264,60.7696
156,44.5812,78.2264,60.7696
163,44.5812,78.2264,60.7696
211,44.5812,78.2264,60.7696
36,33,87,59
71,33,87,59
158,33,87,59
163,33,87,59
65,3.05249,91.7244,60.3622
97,3.05249,91.7244,60.3622
152,3.05249,91.7244,60.3622
212,3.05249,91.7244,60.3622
25,96.4456,88,60
57,96.4456,88,60
77,96.4456,88,60
127,96.4456,88,60
20,12,22,60
146,12,22,60
20,11.2403,41.0601,61.3004
124,11.2403,41.0601,61.3004
145,11.2403,41.0601,61.3004
215,11.2403,41.0601,61.3004
90,5,69,60
152,5,69,60
61,76.8073,9,64.0122
78,76.8073,9,64.0122
174,76.8073,9,64.0122
1,87,13,63
78,87,13,63
183,87,13,63
233,87,13,63
7,36,71,64
11,36,71,64
163,36,71,64
71,19,94,62
205,7,7,65
181,1.325,21,63
222,1.325,21,63
248,60.7763,4.6828,66.7742
255,60.7763,4.6828,66.7742
160,35,32,65
77,97.2655,97.7168,66
49,62,24,68
3,93.3737,76.3624,72.2012
12,93.3737,76.3624,72.2012
57,93.3737,76.3624,72.2012
75,93.3737,76.3624,72.2012
77,93.3737,76.3624,72.2012
174,75,1.25,69
184,81,29,70
75,83,61,72
92,83,61,72
134,83,61,72
11,38,80,71
211,38,80,71
181,7,24,73
14,52.6995,85.7786,77.0642
36,52.6995,85.7786,77.0642
156,52.6995,85.7786,77.0642
211,52.6995,85.7786,77.0642
221,52.6995,85.7786,77.0642
245,52.6995,85.7786,77.0642
146,25,29,74
259,25,29,74
215,22,45,72
215,16,45,75
102,55,49,75
90,21,56,75
93,21,56,75
215,21,56,75
90,3,72,77
75,93.6514,50.5696,81.6596
113,93.6514,50.5696,81.6596
136,93.6514,50.5696,81.6596
172,93.6514,50.5696,81.6596
12,80,80,78
134,80,80,78
136,80,80,78
147,80,80,78
115,15,12,79
181,15,12,79
106,10,34,80
181,10,34,80
224,10,34,80
106,20,35,81
259,20,35,81
14,74,66.4601,81.7681
60,74,66.4601,81.7681
136,74,66.4601,81.7681
3,96,86,79
12,96,86,79
60,66.4648,51.2278,82.8444
161,66.4648,51.2278,82.8444
169,66.4648,51.2278,82.8444
179,66.4648,51.2278,82.8444
227,66.4648,51.2278,82.8444
102,50,61,82
161,50,61,82
186,50,61,82
83,58,1.82558,84
89,96.1746,37.1866,84
142,96.1746,37.1866,84
172,96.1746,37.1866,84
34,77,52,84
60,77,52,84
92,77,52,84
136,77,52,84
169,77,52,84
19,7,97.9444,83
39,7,97.9444,83
120,76,13,85
125,8,49,84
136,85,69,83
189,26,77,83
55,54,74,86
161,54,74,86
186,54,74,86
221,54,74,86
12,86,81,86
40,86,81,86
136,86,81,86
147,86,81,86
12,94,92,86
40,94,92,86
106,14,43,87
125,14,43,87
26,16,54,86
125,16,54,86
103,42.9239,76.4873,90.4112
186,42.9239,76.4873,90.4112
211,42.9239,76.4873,90.4112
221,42.9239,76.4873,90.4112
109,50,12,88
216,50,12,88
128,26,16,86
178,26,16,86
133,41,54,88
189,22,68,87
221,47,91,87
74,70,7,90
83,70,7,90
120,70,7,90
242,70,7,90
6,11,1.48936,90
34,84.911,43,92.227
48,84.911,43,92.227
142,84.911,43,92.227
239,84.911,43,92.227
26,32,45,89
27,32,45,89
133,32,45,89
133,45,42,91
236,45,42,91
253,45,42,91
19,11,91,93
140,11,91,93
190,11,91,93
109,37,11,92
178,37,11,92
99,52,97.4528,94
171,52,97.4528,94
221,52,97.4528,94
95,97.9194,14,94
166,97.9194,14,94
188,14,63,94
40,86,94,95
197,86,94,95
99,43,95,94
23,50,26,95.9844
157,50,26,95.9844
236,50,26,95.9844
99,45,87,95
103,45,87,95
221,45,87,95
100,64,57,96.5392
169,64,57,96.5392
253,64,57,96.5392
186,43,64,96.4337
40,96.3263,96.3263,96.8432
239,78,37,97
26,33,43,97.5059
27,33,43,97.5059
133,33,43,97.5059
55,67.3469,81.7041,97.6684
147,67.3469,81.7041,97.6684
171,67.3469,81.7041,97.6684
190,5,97.8966,97.4483
23,42,21,97.9444
236,49,34,98.2353
253,49,34,98.2353
