0,0.225,0.685,0.875,0.0251651737894
1,0.235,0.045,0.415,0.0421570600875
2,0.865,0.815,0.865,0.040283463766
3,0.795,0.965,0.005,0.0409680275225
4,0.035,0.875,0.585,0.0280984215297
5,0.435,0.625,0.625,0.0441140632092
6,0.685,0.795,0.995,0.0301187289145
7,0.975,0.885,0.605,0.046998778275
8,0.395,0.045,0.155,0.0477848844775
9,0.645,0.575,0.975,0.0437115913325
10,0.175,0.415,0.625,0.0421630231917
11,0.215,0.595,0.095,0.0457763635414
12,0.995,0.745,0.405,0.0311643860113
13,0.795,0.365,0.015,0.0263780830787
14,0.695,0.535,0.015,0.0318903373571
15,0.985,0.335,0.845,0.0297564014069
16,0.465,0.915,0.555,0.0498651629311
17,0.335,0.435,0.995,0.0464014931081
18,0.275,0.115,0.465,0.0316048212939
19,0.925,0.215,0.285,0.0271293853744
20,0.795,0.135,0.145,0.0350829043073
21,0.965,0.755,0.745,0.025794517413
22,0.775,0.325,0.265,0.0420287198661
23,0.985,0.995,0.665,0.0391843736647
24,0.865,0.615,0.435,0.0256002540029
25,0.165,0.455,0.755,0.032915639887
26,0.505,0.015,0.315,0.0396202429048
27,0.385,0.975,0.325,0.030648996715
28,0.165,0.965,0.025,0.0409089196606
29,0.205,0.355,0.815,0.040604846281
30,0.815,0.295,0.705,0.0374672062491
31,0.425,0.785,0.535,0.0356911281364
32,0.645,0.425,0.575,0.0445073501558
33,0.615,0.875,0.755,0.0256006066754
34,0.275,0.505,0.455,0.0337886478613
35,0.505,0.125,0.885,0.0414037432125
36,0.785,0.095,0.625,0.0387536983313
37,0.225,0.985,0.235,0.0296497012142
38,0.145,0.635,0.945,0.0385124273686
39,0.895,0.135,0.535,0.0457901619678
40,0.575,0.695,0.365,0.0468850124581
41,0.565,0.255,0.175,0.0333154899197
42,0.265,0.635,0.265,0.0348493582213
43,0.285,0.875,0.325,0.0335128117842
44,0.385,0.805,0.715,0.0370274683941
45,0.895,0.345,0.425,0.0320006471546
46,0.635,0.455,0.425,0.0490980831449
47,0.405,0.095,0.005,0.025540170705
48,0.355,0.325,0.655,0.026708037094
49,0.515,0.585,0.105,0.0284742264528
50,0.675,0.835,0.985,0.0335197198974
51,0.735,0.155,0.155,0.0364281330993
52,0.485,0.875,0.805,0.0481613601036
53,0.125,0.225,0.605,0.0379827632536
54,0.675,0.325,0.585,0.0378175458153
55,0.185,0.945,0.525,0.0481307557436
56,0.145,0.285,0.285,0.0408803315101
57,0.545,0.855,0.775,0.0451057254123
58,0.965,0.385,0.845,0.0440697527517
59,0.625,0.385,0.475,0.0268082571229
60,0.805,0.805,0.785,0.0383747552145
61,0.385,0.485,0.235,0.0359857013105
62,0.495,0.885,0.055,0.0367912077848
63,0.965,0.865,0.795,0.0296046570747
64,0.975,0.975,0.985,0.0472224192545
65,0.015,0.275,0.195,0.0271053303401
66,0.055,0.455,0.265,0.0275530297823
67,0.455,0.875,0.955,0.0349810527567
68,0.445,0.875,0.555,0.039481926246
69,0.395,0.485,0.005,0.0325623169906
70,0.465,0.215,0.145,0.0255054409235
71,0.665,0.525,0.835,0.0480262470819
72,0.765,0.585,0.165,0.0473093612523
73,0.085,0.625,0.365,0.044111039499
74,0.385,0.875,0.455,0.0320862957922
75,0.245,0.305,0.625,0.0335877647806
76,0.615,0.085,0.665,0.0461436533119
77,0.355,0.915,0.405,0.0440502310106
78,0.315,0.725,0.095,0.0430234778338
79,0.425,0.215,0.995,0.0356238229709
80,0.945,0.925,0.865,0.0437863931126
81,0.135,0.445,0.095,0.0373506136677
82,0.525,0.875,0.825,0.0275917081107
83,0.415,0.545,0.885,0.0435584730823
84,0.465,0.775,0.945,0.047456759205
85,0.415,0.035,0.425,0.0296513008597
86,0.075,0.075,0.655,0.0493857303827
87,0.945,0.815,0.725,0.0456375600254
88,0.845,0.435,0.915,0.0493736752194
89,0.775,0.525,0.845,0.0428446950131
90,0.705,0.075,0.905,0.0455270343301
91,0.755,0.015,0.695,0.0270493668537
92,0.485,0.325,0.535,0.0390336339629
93,0.235,0.295,0.555,0.0336539179567
94,0.995,0.155,0.045,0.0443363421259
95,0.925,0.195,0.205,0.0411437992145
96,0.685,0.815,0.075,0.035223786872
97,0.115,0.015,0.905,0.03381815002
98,0.075,0.055,0.285,0.0375474685784
99,0.435,0.955,0.945,0.0378554981442
100,0.035,0.725,0.775,0.0301018065326
101,0.495,0.755,0.585,0.0390882501905
102,0.455,0.425,0.915,0.0288345465311
103,0.515,0.835,0.725,0.0316470740696
104,0.015,0.215,0.635,0.0296265927835
105,0.375,0.885,0.105,0.0403207358981
106,0.195,0.695,0.575,0.0261040195055
107,0.585,0.015,0.845,0.0428117269279
108,0.325,0.455,0.895,0.0295517830121
109,0.485,0.315,0.105,0.0300035455877
110,0.595,0.805,0.345,0.0315938537877
111,0.355,0.905,0.305,0.033618271581
112,0.375,0.115,0.925,0.0285262421904
113,0.055,0.695,0.605,0.0317254606976
114,0.925,0.455,0.795,0.0464687247845
115,0.855,0.695,0.835,0.0297873917875
116,0.145,0.435,0.875,0.0408354371668
117,0.565,0.005,0.705,0.0416026082853
118,0.365,0.715,0.645,0.0410878431438
119,0.055,0.995,0.985,0.0348778900022
120,0.035,0.965,0.145,0.0351248082609
121,0.775,0.875,0.035,0.026543389312
122,0.175,0.765,0.065,0.0467987080377
123,0.965,0.745,0.685,0.0297183642105
124,0.155,0.375,0.095,0.0413841547232
125,0.865,0.945,0.955,0.0470618367985
126,0.525,0.545,0.615,0.0488606746643
127,0.695,0.675,0.645,0.0358705499309
128,0.875,0.435,0.955,0.0394295421846
129,0.425,0.785,0.185,0.0261600575373
130,0.815,0.925,0.055,0.0464440569802
131,0.165,0.545,0.865,0.0352651266409
132,0.775,0.795,0.545,0.0475963914778
133,0.335,0.875,0.595,0.0437779338788
134,0.285,0.625,0.575,0.0412764820199
135,0.745,0.695,0.865,0.0295431883563
136,0.955,0.895,0.065,0.0351239909747
137,0.415,0.555,0.665,0.0425582545939
138,0.205,0.885,0.185,0.0401984070207
139,0.625,0.245,0.685,0.0339355429382
140,0.815,0.535,0.135,0.0425941218433
141,0.835,0.615,0.725,0.0413889584242
142,0.045,0.375,0.605,0.0251862992823
143,0.425,0.945,0.165,0.0444058045905
144,0.275,0.635,0.115,0.0469735066564
145,0.465,0.125,0.415,0.0260245448723
146,0.975,0.835,0.055,0.0285416550771
147,0.155,0.125,0.795,0.0391767546883
148,0.665,0.645,0.585,0.0494261685822
149,0.825,0.305,0.415,0.0422062145994
150,0.745,0.665,0.815,0.0476098887152
151,0.445,0.895,0.775,0.0289152409253
152,0.085,0.425,0.615,0.0444352373349
153,0.215,0.565,0.755,0.039662439848
154,0.635,0.025,0.665,0.0465094912629
155,0.305,0.285,0.475,0.0354394168238
156,0.505,0.265,0.965,0.0408390399367
157,0.275,0.615,0.445,0.0444089475579
158,0.925,0.735,0.735,0.0471923073418
159,0.495,0.545,0.555,0.0457770392361
160,0.205,0.115,0.275,0.0441168859291
161,0.225,0.405,0.435,0.0354565058706
162,0.895,0.555,0.045,0.0263228636265
163,0.145,0.675,0.135,0.0402034075181
164,0.315,0.165,0.415,0.0438958676442
165,0.455,0.595,0.095,0.0358526097009
166,0.965,0.515,0.845,0.0496736210093
167,0.265,0.165,0.865,0.025075205297
168,0.965,0.575,0.585,0.0349705466909
169,0.895,0.865,0.125,0.0421668729537
170,0.555,0.495,0.755,0.0303135704419
171,0.505,0.615,0.825,0.0306976098134
172,0.075,0.995,0.835,0.035812902568
173,0.115,0.915,0.935,0.0471459028484
174,0.035,0.735,0.135,0.0426219579435
175,0.655,0.825,0.355,0.0438977739899
176,0.835,0.015,0.135,0.0460790434145
177,0.435,0.775,0.615,0.0389165813023
178,0.315,0.265,0.095,0.0255453729394
179,0.465,0.755,0.415,0.0443319636934
180,0.955,0.795,0.285,0.0278572877176
181,0.495,0.795,0.415,0.0339450935681
182,0.475,0.915,0.875,0.0253009820201
183,0.255,0.295,0.745,0.0490868061698
184,0.755,0.095,0.675,0.0342687629912
185,0.735,0.325,0.385,0.0484020159939
186,0.475,0.865,0.505,0.044292248767
187,0.315,0.265,0.555,0.0306050601517
188,0.525,0.705,0.245,0.0332824803363
189,0.575,0.875,0.545,0.0411736167158
190,0.485,0.305,0.045,0.0432460571074
191,0.785,0.745,0.185,0.0375721150316
192,0.825,0.755,0.215,0.0371810142795
193,0.425,0.825,0.635,0.041534842053
194,0.775,0.595,0.115,0.0398121789258
195,0.435,0.575,0.605,0.0437381566475
196,0.095,0.845,0.015,0.0474029180589
197,0.525,0.145,0.075,0.0475083917551
198,0.735,0.755,0.335,0.0310726783672
199,0.275,0.255,0.355,0.0281419680999
200,0.035,0.935,0.615,0.0422575639936
201,0.495,0.345,0.995,0.0276123381112
202,0.825,0.285,0.215,0.0341857305244
203,0.875,0.135,0.635,0.0420478140606
204,0.565,0.875,0.375,0.0356923379697
205,0.525,0.995,0.945,0.0486377322078
206,0.065,0.305,0.535,0.0297976590009
207,0.105,0.165,0.035,0.0383955662242
208,0.105,0.345,0.805,0.0386958985677
209,0.395,0.975,0.435,0.0394949932244
210,0.205,0.155,0.505,0.0335986442207
211,0.365,0.315,0.415,0.0315631811451
212,0.515,0.365,0.045,0.0355040417511
213,0.705,0.415,0.455,0.0344522782531
214,0.695,0.475,0.825,0.0287515971257
215,0.995,0.145,0.945,0.0362770205972
216,0.935,0.015,0.085,0.025259433484
217,0.335,0.635,0.375,0.0388486134293
218,0.935,0.575,0.825,0.0438897010354
219,0.665,0.865,0.305,0.0434025411244
220,0.495,0.995,0.135,0.0315720958833
221,0.195,0.945,0.625,0.0267484660911
222,0.385,0.525,0.095,0.0289862060669
223,0.525,0.615,0.605,0.0333685760643
224,0.715,0.695,0.595,0.0302073031872
225,0.775,0.155,0.085,0.0253670691185
226,0.775,0.825,0.185,0.0360728473509
227,0.085,0.495,0.845,0.0362588737117
228,0.775,0.015,0.425,0.0372153974637
229,0.315,0.045,0.535,0.0473836679578
230,0.425,0.195,0.485,0.0419728243051
231,0.995,0.245,0.425,0.0266211529917
232,0.435,0.645,0.975,0.0498284024144
233,0.075,0.245,0.735,0.0407191356199
234,0.205,0.105,0.165,0.0454646315389
235,0.655,0.845,0.735,0.032736210829
236,0.225,0.455,0.725,0.0274291086938
237,0.765,0.135,0.855,0.0403018787077
238,0.545,0.745,0.865,0.0437002719545
239,0.405,0.765,0.875,0.0494759517785
240,0.785,0.375,0.975,0.0265244663693
241,0.665,0.095,0.465,0.0348068647289
242,0.735,0.795,0.315,0.0281477749508
243,0.285,0.305,0.485,0.0480609496326
244,0.275,0.585,0.115,0.0409094270393
245,0.805,0.105,0.275,0.0355421326554
246,0.525,0.895,0.545,0.0298650483505
247,0.265,0.775,0.835,0.0280031080639
248,0.965,0.975,0.185,0.028150220081
249,0.705,0.915,0.175,0.0419441116004
